451
503
295
789
9
682
931
276
329
153
450
868
714
0
580
505
249
720
857
498
6
746
123
418
122
60
880
506
334
575
802
702
942
903
7
199
164
531
478
848
535
26
392
791
84
175
890
380
698
3
203
706
34
70
859
642
681
50
2
447
260
693
445
456
805
678
402
392
936
131
792
360
288
9
708
865
613
95
726
881
943
60
740
877
414
583
275
454
575
10
377
379
255
313
214
462
773
104
534
8
561
89
996
795
647
481
397
541
414
150
383
731
197
447
319
866
74
339
212
61
674
277
654
912
998
480
19
178
928
82
164
237
754
750
292
694
435
216
92
673
986
617
562
594
921
409
484
76
625
628
723
935
132
748
551
134
6
671
429
324
757
941
337
215
178
437
403
452
910
217
464
149
421
641
48
975
908
636
474
320
588
347
954
85
483
280
479
651
854
639
431
888
965
886
104
369
986
791
599
643
959
112
571
557
981
666
309
577
50
862
321
892
448
554
377
801
72
667
617
283
950
32
477
28
506
382
199
538
668
780
809
527
446
864
189
164
177
681
249
758
75
475
67
818
420
674
710
325
114
282
886
764
181
614
739
605
547
663
849
700
3
131
281
508
395
600
695
202
237
931
110
159
892
541
642
879
367
577
17
192
16
408
284
951
951
567
762
268
132
825
720
504
555
693
34
196
233
518
709
896
774
366
45
75
408
223
168
103
210
798
736
105
351
744
946
982
506
867
416
531
179
649
433
823
595
849
789
105
338
75
247
718
317
936
912
200
696
173
592
441
808
76
830
230
295
815
45
747
66
614
637
657
605
542
958
238
496
300
802
174
234
464
261
813
373
807
62
1000
384
528
546
403
277
475
191
587
45
782
745
721
454
371
66
806
350
70
2
553
276
233
61
3
51
759
532
901
605
770
954
976
359
890
609
389
998
278
22
999
175
567
785
507
291
128
933
875
378
152
575
94
124
774
990
789
510
841
813
544
653
884
922
191
814
679
659
203
194
858
745
719
636
190
846
920
523
381
499
963
76
759
412
400
738
785
741
658
283
584
550
81
617
658
261
711
999
284
744
545
892
999
290
485
178
143
387
8
988
699
453
322
149
318
975
262
76
344
697
86
247
364
223
95
500
148
471
164
466
373
888
416
257
94
175
995
679
288
622
259
278
140
273
73
955
983
552
563
896
985
654
317
102
318
803
225
949
97
27
74
981
83
158
640
590
945
737
816
165
778
8
253
400
607
351
46
789
407
805
25
449
571
526
613
403
676
311
540
341
257
381
47
145
182
509
928
898
287
873
977
906
72
568
684
327
643
144
19
496
507
975
265
488
847
305
356
865
944
789
35
957
530
875
254
453
159
399
743
152
949
645
607
982
835
853
754
80
415
930
501
616
726
113
288
577
658
759
11
923
589
235
360
888
188
973
779
865
944
597
119
505
33
358
943
438
546
639
629
585
496
962
82
763
566
15
453
736
320
621
226
80
890
886
193
329
210
278
205
755
301
107
9
357
323
368
234
868
279
782
920
861
944
218
406
280
787
760
363
951
951
831
221
791
55
66
998
250
691
210
795
172
434
678
686
785
244
437
660
503
33
337
989
872
356
291
903
97
66
205
832
682
71
416
602
535
485
540
898
257
659
31
459
822
104
187
907
878
366
367
347
127
683
682
64
202
913
392
199
929
908
668
518
591
224
405
858
57
74
43
838
154
888
2
180
986
748
762
982
162
227
980
275
705
336
943
86
196
125
523
856
191
937
226
810
13
800
161
252
967
662
501
280
968
432
927
833
620
844
937
325
517
24
615
387
797
68
290
933
361
75
698
375
619
708
298
441
558
373
177
488
24
448
206
954
483
593
455
557
60
253
531
569
179
94
667
592
431
739
759
162
121
443
324
755
504
849
433
656
578
372
837
616
731
431
179
640
516
816
408
204
644
399
366
571
283
329
536
703
200
851
537
114
309
999
149
518
487
786
437
382
361
923
569
928
848
644
615
998
977
483
359
90
558
463
743
116
804
524
241
389
439
928
265
141
767
624
28
775
748
766
174
28
699
746
578
492
302
117
95
642
894
422
738
437
162
557
254
768
880
532
828
347
426
487
749
784
555
610
49
969
78
812
266
753
108
981
519
351
325
882
448
940
950
970
689
811
604
586
927
65
20
854
576
248
440
570
68
270
14
104
405
398
473
130
818
103
675
238
126
625
592
295
183
461
475
891
297
441
415
441
342
737
794
349
210
634
148
156
624
80
758
40
713
494
169
898
595
316
705
583
171
90
471
381
298
292
772
97
124
286
427
71
805
587
449
710
569
645
189
378
444
410
546
531
967
200
707
11
813
121
188
117
260
4
126
416
281
927
318
543
558
951
74
362
392
655
776
327
225
801
563
190
147
233
772
131
131
393
856
553
365
176
463
516
539
482
212
165
185
655
935
402
443
254
603
538
288
908
745
828
217
59
150
856
994
528
224
75
473
845
748
542
219
922
870
722
50
890
8
488
225
888
136
498
588
305
918
624
146
492
928
331
621
20
793
763
873
303
790
62
80
421
74
223
842
513
883
862
733
762
834
427
138
106
151
214
34
399
820
738
292
574
388
868
739
977
792
207
775
267
572
559
128
238
868
807
371
397
249
888
123
142
337
152
306
467
189
695
552
694